62 0.366146 0.493519 0.0239583 0.0666667
56 0.813542 0.877315 0.0697917 0.217593
56 0.761198 0.876852 0.169271 0.216667
56 0.415625 0.722685 0.0520833 0.136111
72 0.685156 0.465741 0.0744792 0.142593
0 0.45599 0.537037 0.0255208 0.0759259
62 0.403646 0.487037 0.053125 0.0444444
62 0.516406 0.569444 0.0661458 0.105556
62 0.282292 0.580093 0.0677083 0.0972222
56 0.290365 0.734722 0.0963542 0.180556
72 0.801562 0.450463 0.103125 0.217593
56 0.217448 0.78287 0.0828125 0.197222
62 0.327865 0.575463 0.0317708 0.0712963
56 0.520052 0.898148 0.0921875 0.196296
62 0.410156 0.531482 0.0640625 0.0907407
56 0.572656 0.772685 0.0973958 0.191667
56 0.718229 0.904167 0.096875 0.136111
0 0.389844 0.835185 0.140104 0.324074
